     0/299     5.67G   0.08294    0.0226   0.04143     0.147        31       640         0         0  0.002982 0.0006019   0.06115   0.00976   0.02922
     1/299     6.89G   0.07264   0.02252   0.03864    0.1338        22       640         0         0   0.00547 0.0009997   0.05666   0.01031   0.02687
     2/299     6.89G   0.06611   0.02293   0.03836    0.1274        19       640   0.08742   0.00315   0.01263  0.002732   0.05013   0.01329   0.02659
     3/299     6.89G   0.05998   0.02307   0.03806    0.1211        49       640   0.07434  0.001969   0.03213   0.00743   0.04042   0.01135    0.0263
     4/299     6.89G   0.05528   0.02318   0.03787    0.1163        38       640  0.005932   0.01035   0.02673  0.006519    0.0419    0.1219   0.04754
     5/299     6.89G   0.05418   0.02258   0.03776    0.1145        23       640   0.08858   0.02939   0.07045   0.01887   0.03146    0.0103   0.02511
     6/299     6.89G   0.05128   0.02201    0.0372    0.1105        42       640   0.09366   0.07253     0.102    0.0334   0.03046   0.01074    0.0249
     7/299     6.89G   0.04943    0.0217   0.03712    0.1082        38       640    0.3557   0.08021    0.1271   0.04041   0.03186  0.009295   0.02485
     8/299     6.89G   0.04858    0.0218   0.03674    0.1071        60       640    0.3971    0.1062    0.1668   0.06251   0.02786  0.009161   0.02391
     9/299     6.89G   0.04726   0.02121   0.03657     0.105        19       640    0.3737    0.1221    0.1528   0.06159   0.02817  0.009112   0.02366
    10/299     6.89G   0.04693   0.02149   0.03651    0.1049        33       640    0.2908    0.1261    0.1515   0.06117   0.02798  0.008782   0.02343
    11/299     6.89G   0.04643   0.02161   0.03585    0.1039        28       640    0.3303    0.1253    0.1473   0.06686   0.02631  0.008785   0.02269
    12/299     6.89G   0.04564   0.02121   0.03601    0.1029        32       640     0.313    0.1785    0.1343   0.04784   0.02917  0.009464   0.02237
    13/299     6.89G   0.04515   0.02105   0.03526    0.1015        33       640    0.3769    0.1984    0.2317    0.1037   0.02624  0.008446   0.02204
    14/299     6.89G   0.04483   0.02084   0.03528    0.1009        22       640    0.3342     0.219    0.1807   0.07698   0.02652  0.009532   0.02447
    15/299     6.89G     0.045   0.02091   0.03503    0.1009        45       640    0.3481    0.2106    0.2206   0.09655   0.02562  0.008937   0.02052
    16/299     6.89G    0.0439   0.02109   0.03412   0.09911        28       640    0.3741    0.1849    0.2094    0.1029   0.02607  0.008552   0.02133
    17/299     6.89G   0.04349   0.02105   0.03441   0.09895        38       640    0.6389    0.2538    0.2731    0.1202   0.02639    0.0084   0.02075
    18/299     6.89G   0.04355   0.02104    0.0336   0.09819        22       640    0.4426    0.2408    0.2827    0.1276   0.02526  0.008285   0.02315
    19/299     6.89G   0.04385   0.02076   0.03216   0.09678        34       640    0.3305    0.3099    0.2929    0.1305   0.02564  0.008638   0.01941
    20/299     6.89G   0.04337   0.02069   0.03175   0.09581        46       640    0.3896    0.2856    0.3358    0.1614   0.02479  0.007979   0.01911
    21/299     6.89G   0.04258   0.02082   0.03205   0.09545        23       640    0.6698    0.3181    0.2979     0.151    0.0243  0.008432   0.02182
    22/299     6.89G   0.04192   0.01998    0.0312   0.09309        30       640    0.6483    0.2824    0.3573    0.1656   0.02551  0.008347   0.02009
    23/299     6.89G   0.04187   0.02052   0.03148   0.09387        33       640    0.6221    0.3155    0.3248    0.1519   0.02546  0.008346   0.01782
    24/299     6.89G    0.0423   0.02034   0.03105   0.09369        30       640    0.5344    0.3428     0.322    0.1606    0.0257  0.008066   0.01866
    25/299     6.89G   0.04194   0.02021   0.02969   0.09184        36       640    0.6582    0.3164     0.372    0.1774   0.02616  0.007866   0.01751
    26/299     6.89G   0.04158   0.02003   0.03003   0.09164        36       640    0.5268    0.3535    0.3589     0.179   0.02514   0.00829   0.01556
    27/299     6.89G    0.0408   0.01992   0.02944   0.09015        28       640    0.6827    0.3871    0.4506    0.2331   0.02373  0.007815   0.01359
    28/299     6.89G   0.04088   0.02014   0.02919    0.0902        43       640    0.6365    0.4003     0.459    0.2279   0.02507  0.008058   0.01243
    29/299     6.89G   0.04043   0.01948   0.02919    0.0891        24       640    0.6052    0.4605    0.4565    0.2396   0.02306  0.007859    0.0143
    30/299     6.89G   0.04036   0.01968   0.02763   0.08767        29       640    0.5588    0.4109    0.4409     0.216   0.02367  0.008187   0.01295
    31/299     6.89G   0.04157   0.01987   0.02751   0.08895        14       640     0.564    0.4333    0.4557      0.23   0.02316   0.00867   0.01259
    32/299     6.89G   0.04103   0.02004   0.02715   0.08821        33       640    0.6111    0.4339    0.4895    0.2497   0.02275  0.007968   0.01221
    33/299     6.89G   0.04056   0.02009   0.02764   0.08829        54       640    0.5443    0.4019     0.406    0.2134   0.02382  0.008095   0.01388
    34/299     6.89G   0.04001   0.01985   0.02685   0.08671        31       640    0.5695    0.4755    0.4713    0.2542   0.02245  0.007863    0.0136
    35/299     6.89G   0.03932   0.01931   0.02692   0.08555        18       640    0.5758    0.4994    0.5099    0.2691   0.02282  0.007523   0.01191
    36/299     6.89G   0.03993   0.01959   0.02708    0.0866        19       640    0.5307    0.5003     0.493     0.262    0.0225  0.007988   0.01059
    37/299     6.89G   0.04013   0.01962   0.02708   0.08682        25       640    0.6035    0.4638    0.5177    0.2797   0.02231  0.007422   0.01113
    38/299     6.89G    0.0393    0.0199   0.02561   0.08482        42       640    0.5584    0.4818    0.4996    0.2666   0.02197  0.007435   0.01206
    39/299     6.89G   0.03985   0.01942   0.02615   0.08542        27       640    0.5092    0.4685    0.4978     0.276   0.02149  0.007707   0.01225
    40/299     6.89G   0.03996   0.01919   0.02548   0.08463        31       640    0.5974    0.4937    0.4994    0.2658   0.02213  0.007966   0.01176
    41/299     6.89G   0.03965   0.01957   0.02495   0.08417        21       640    0.5933    0.4642    0.4863    0.2661   0.02135  0.007683   0.01031
    42/299     6.89G    0.0392   0.01946    0.0261   0.08476        31       640    0.6366    0.5722    0.6072    0.3299   0.02201  0.007695  0.009558
    43/299     6.89G   0.03886   0.01934   0.02474   0.08295        27       640    0.5391    0.5755    0.5546     0.316   0.02041  0.007446    0.0101
    44/299     6.89G   0.03889   0.01916   0.02538   0.08343        45       640    0.6281      0.53     0.575     0.314   0.02164  0.007558  0.009887
    45/299     6.89G   0.03874   0.01944   0.02444   0.08261        13       640    0.5941    0.4646    0.5185    0.2951   0.02176  0.007211   0.01023
    46/299     6.89G   0.03902   0.01946   0.02422   0.08269        37       640    0.5622    0.5147    0.5381     0.306   0.02117  0.007383  0.009254
    47/299     6.89G   0.03901    0.0196   0.02387   0.08248        27       640    0.6365    0.5133    0.5751    0.3236   0.02068  0.007594  0.009708
    48/299     6.89G   0.03867   0.01914   0.02479    0.0826        43       640    0.6656    0.5443    0.6231    0.3452   0.02132  0.007173  0.009004
    49/299     6.89G   0.03844    0.0192    0.0243   0.08194        47       640    0.7016    0.5989    0.6548    0.3636   0.02099  0.007107  0.008579
    50/299     6.89G   0.03763   0.01927   0.02381   0.08071        37       640    0.5604    0.6178    0.6088    0.3489   0.02074  0.007457  0.008252
    51/299     6.89G   0.03809     0.019   0.02385   0.08095        42       640    0.5594    0.5777    0.5918    0.3345   0.01966  0.007196  0.009184
    52/299     6.89G   0.03748   0.01892    0.0228    0.0792        31       640    0.5812    0.5841    0.5939    0.3446    0.0198  0.007092  0.009165
    53/299     6.89G   0.03834   0.01966   0.02183   0.07982        58       640     0.626    0.6234    0.6476    0.3662   0.01989  0.006959  0.007882
    54/299     6.89G   0.03775   0.01903   0.02235   0.07912        32       640    0.5633    0.5929    0.5995    0.3459   0.01917  0.007372  0.008251
    55/299     6.89G   0.03809   0.01882   0.02245   0.07936        38       640    0.6426    0.5802    0.6371    0.3808   0.01931  0.006861  0.008461
    56/299     6.89G   0.03755   0.01912   0.02295   0.07962        32       640    0.4899    0.5994    0.5751    0.3398    0.0196  0.007379  0.007708
    57/299     6.89G   0.03763   0.01889   0.02279   0.07931        46       640    0.5983    0.6337    0.6375    0.3709   0.01965  0.007003  0.007232
    58/299     6.89G   0.03724   0.01862   0.02276   0.07862        35       640    0.5939    0.6626    0.6503    0.3675      0.02  0.007398  0.007391
    59/299     6.89G    0.0372   0.01846   0.02368   0.07934        12       640    0.6132    0.6539    0.6497    0.3759   0.01996  0.007015  0.007342
    60/299     6.89G   0.03693   0.01874   0.02282   0.07849        21       640    0.5557     0.684    0.6252     0.362   0.01948  0.007161  0.006702
    61/299     6.89G   0.03657   0.01875    0.0213   0.07662        27       640    0.5558    0.6618    0.6398    0.3798   0.01942  0.006792  0.006457
    62/299     6.89G    0.0373    0.0186   0.02138   0.07729        43       640    0.6599    0.6753    0.6694      0.39   0.01958  0.006771  0.007261
    63/299     6.89G   0.03775   0.01897   0.02208   0.07879        55       640    0.5835    0.6696      0.63    0.3769   0.01912  0.007056  0.007655
    64/299     6.89G   0.03739   0.01888    0.0221   0.07837        36       640    0.6361    0.6164     0.657    0.3869    0.0191  0.006725  0.006162
    65/299     6.89G   0.03641    0.0188   0.02133   0.07653        36       640    0.6216     0.713    0.6754    0.4027   0.01928  0.006955  0.005664
    66/299     6.89G   0.03694   0.01873   0.02068   0.07635        33       640    0.5601    0.6292    0.6234    0.3728   0.01901  0.006747  0.005584
    67/299     6.89G   0.03727   0.01871   0.02193   0.07791        40       640     0.603    0.6479    0.6482    0.3888   0.01918  0.006957   0.00604
    68/299     6.89G   0.03652   0.01893   0.02091   0.07636        35       640    0.6316    0.6527    0.6708    0.4014   0.01891  0.006749  0.005941
    69/299     6.89G   0.03671   0.01861   0.01963   0.07496        49       640    0.6174    0.7202    0.6969    0.4221   0.01838  0.006564  0.005227
    70/299      6.9G   0.03631   0.01852   0.02111   0.07594        23       640    0.6227    0.6965    0.6791     0.409   0.01823  0.006875   0.00581
    71/299      6.9G   0.03665   0.01828   0.02061   0.07555        32       640    0.6191     0.685    0.6669    0.4007   0.01835  0.006714  0.006014
    72/299      6.9G    0.0368   0.01855   0.01987   0.07522        26       640    0.6105    0.6834    0.6746    0.4107   0.01874  0.006687  0.005132
    73/299      6.9G   0.03592   0.01818   0.02014   0.07424        34       640    0.6719    0.6704    0.7079     0.431   0.01833  0.006574  0.005483
    74/299      6.9G   0.03596   0.01829   0.01993   0.07418        39       640    0.6845    0.6704     0.705     0.426     0.018  0.006647  0.005437
    75/299      6.9G    0.0355   0.01861    0.0202    0.0743        20       640     0.649    0.7126    0.7016    0.4254   0.01813  0.006349   0.00497
    76/299      6.9G   0.03557   0.01822   0.01941    0.0732        53       640    0.5953     0.683    0.6703    0.4049   0.01801  0.006633  0.005186
    77/299      6.9G    0.0363   0.01834   0.02016    0.0748        25       640     0.607    0.7364    0.7186    0.4263   0.01844  0.006878  0.005041
    78/299      6.9G   0.03552    0.0183   0.01885   0.07267        41       640    0.6211     0.686    0.6884    0.4179   0.01789  0.006395  0.004969
    79/299      6.9G    0.0354   0.01811   0.01896   0.07246        21       640    0.6406    0.7218    0.7272    0.4484   0.01825  0.006386  0.004362
    80/299      6.9G   0.03597   0.01838   0.01906   0.07341        23       640     0.655    0.6998     0.713    0.4431   0.01806  0.006394  0.004599
    81/299      6.9G   0.03556   0.01826   0.01876   0.07258        23       640     0.654    0.7072    0.7143    0.4395   0.01806  0.006295  0.004613
    82/299      6.9G   0.03632   0.01838   0.01907   0.07377        62       640    0.6346    0.7137    0.7046    0.4303   0.01787  0.006488  0.004198
    83/299      6.9G   0.03539   0.01823   0.01877   0.07238        44       640      0.64    0.7475    0.7223    0.4433   0.01747  0.006422  0.004254
    84/299      6.9G   0.03563   0.01815   0.01882    0.0726        59       640    0.6237     0.747    0.7176    0.4417   0.01756  0.006531  0.005166
    85/299      6.9G    0.0355    0.0182   0.01888   0.07258        36       640    0.6966    0.7079    0.7385    0.4564   0.01751  0.006283  0.004934
    86/299      6.9G   0.03453   0.01794   0.01787   0.07034        32       640     0.623    0.7437    0.7364    0.4589   0.01752  0.006289    0.0047
    87/299      6.9G   0.03499   0.01838   0.01907   0.07245        62       640    0.6318    0.7466    0.7038    0.4394   0.01768  0.006376   0.00457
    88/299      6.9G   0.03504   0.01823   0.01935   0.07263        52       640    0.6793    0.7206    0.7346    0.4598   0.01725   0.00614  0.004718
    89/299      6.9G   0.03547   0.01816   0.01871   0.07234        32       640    0.6267    0.7563     0.717     0.454   0.01732  0.006401  0.003854
    90/299      6.9G    0.0349   0.01801   0.01916   0.07207        25       640    0.6402    0.7848     0.755     0.474   0.01735  0.006223  0.003989
    91/299      6.9G   0.03377    0.0182   0.01806   0.07003        16       640    0.7036    0.7683    0.7822    0.4954   0.01721  0.006054  0.003477
    92/299      6.9G   0.03412   0.01775    0.0178   0.06967        32       640    0.6923    0.7558    0.7617    0.4886   0.01716  0.006079  0.003398
    93/299      6.9G   0.03468   0.01768   0.01801   0.07036        23       640    0.6648    0.7763    0.7559     0.479   0.01696  0.006163   0.00341
    94/299      6.9G   0.03458   0.01794   0.01863   0.07115        39       640    0.6683    0.7746    0.7589    0.4826   0.01671  0.006187  0.003608
    95/299      6.9G   0.03494   0.01783   0.01827   0.07104        28       640    0.7002    0.7741    0.7743    0.4951   0.01671  0.005922  0.003447
    96/299      6.9G   0.03411   0.01746   0.01763    0.0692        17       640    0.6753    0.7682    0.7549    0.4757   0.01662  0.006114  0.003807
    97/299      6.9G   0.03412   0.01747    0.0174     0.069        21       640    0.6499    0.7753    0.7527     0.475   0.01659  0.006058  0.003938
    98/299      6.9G   0.03413   0.01768   0.01732   0.06913        42       640    0.6765    0.7787    0.7659    0.4825   0.01698  0.006023   0.00408
    99/299      6.9G   0.03435    0.0179   0.01877   0.07102        49       640    0.7084    0.7732    0.7716    0.4849   0.01696  0.006025   0.00388
   100/299      6.9G   0.03427    0.0175   0.01653   0.06829        36       640     0.688    0.7859    0.7699    0.4924   0.01658  0.005959  0.003516
   101/299      6.9G   0.03384   0.01761   0.01678   0.06824        35       640    0.6919    0.7748    0.7674    0.4885   0.01639  0.006039  0.003482
   102/299      6.9G   0.03382   0.01717   0.01797   0.06895        16       640    0.6748    0.7976    0.7743    0.4986   0.01628  0.006029  0.003493
   103/299      6.9G   0.03367   0.01785   0.01761   0.06913        38       640    0.6838    0.8008    0.7896    0.5095    0.0163   0.00592  0.003362
   104/299      6.9G   0.03402   0.01776    0.0172   0.06898        41       640    0.6999    0.7929    0.7891    0.5062   0.01615  0.005946  0.003305
   105/299      6.9G   0.03329   0.01717   0.01759   0.06805        47       640    0.6896    0.7857    0.7831    0.5065   0.01621  0.005862  0.003315
   106/299      6.9G   0.03367   0.01774   0.01725   0.06866        45       640    0.7045    0.7782     0.791    0.5148   0.01608   0.00584  0.003289
   107/299      6.9G   0.03284   0.01756   0.01609    0.0665        32       640    0.6951    0.7999      0.79    0.5126   0.01602  0.005769  0.002953
   108/299      6.9G   0.03311   0.01737   0.01651     0.067        38       640    0.6917    0.8085    0.7947    0.5145   0.01596  0.005767  0.002959
   109/299      6.9G   0.03379   0.01711   0.01629   0.06719        37       640    0.7001    0.8109    0.7937    0.5167   0.01596  0.005768  0.003104
   110/299      6.9G   0.03364   0.01756   0.01629   0.06748        29       640    0.7108    0.8029    0.7844    0.5112   0.01562  0.005806  0.002977
   111/299      6.9G   0.03359   0.01741   0.01639   0.06738        27       640    0.7065    0.8065    0.7967    0.5192   0.01561  0.005758  0.002722
   112/299      6.9G   0.03275   0.01747   0.01635   0.06657        37       640    0.6675    0.8122    0.7819    0.5069   0.01572  0.005872  0.002557
   113/299      6.9G   0.03292   0.01716   0.01677   0.06685        25       640    0.7128    0.8049    0.8036    0.5212   0.01557  0.005681  0.002553
   114/299      6.9G   0.03362   0.01734   0.01586   0.06682        45       640     0.711    0.8131    0.8123    0.5306   0.01547  0.005734  0.002619
   115/299      6.9G    0.0333   0.01736   0.01664    0.0673        32       640    0.6879    0.8022    0.7888    0.5149   0.01553  0.005714  0.002609
   116/299      6.9G   0.03368   0.01756   0.01651   0.06775        19       640    0.7069    0.7984    0.7956    0.5267   0.01572  0.005663  0.002707
   117/299      6.9G   0.03357   0.01782   0.01665   0.06805        33       640    0.6885    0.8165    0.7982    0.5242   0.01595  0.005674  0.002607
   118/299      6.9G    0.0335   0.01742    0.0173   0.06821        45       640      0.72    0.8135    0.8052    0.5318   0.01593  0.005644  0.002754
   119/299      6.9G   0.03297   0.01726   0.01545   0.06567        18       640    0.6959    0.8254    0.8028    0.5358   0.01582  0.005668  0.002717
   120/299      6.9G    0.0326   0.01715   0.01509   0.06484        28       640    0.7084      0.83    0.8079    0.5385   0.01573  0.005662  0.002716
   121/299      6.9G   0.03335   0.01747   0.01696   0.06779        29       640    0.7207    0.8023    0.8062    0.5336   0.01579  0.005672  0.002801
   122/299      6.9G   0.03327   0.01746   0.01595   0.06668        28       640    0.7144    0.8177    0.8069    0.5286    0.0156  0.005649  0.002526
   123/299      6.9G   0.03282   0.01729   0.01603   0.06614        24       640    0.7079    0.8105    0.8052     0.529   0.01521  0.005655  0.002242
   124/299      6.9G   0.03234   0.01712   0.01547   0.06494        28       640    0.7121     0.818    0.8154     0.542   0.01513  0.005591  0.002195
   125/299      6.9G    0.0325   0.01725   0.01623   0.06598        31       640    0.7077    0.8294    0.8184    0.5419    0.0151  0.005615  0.002166
   126/299      6.9G   0.03337   0.01723   0.01564   0.06624        58       640    0.7009    0.8263    0.8185    0.5427   0.01503  0.005631  0.002476
   127/299      6.9G   0.03244   0.01748   0.01518   0.06509        33       640    0.6828    0.8346     0.819    0.5421   0.01502  0.005664  0.002188
   128/299      6.9G    0.0322   0.01724   0.01476   0.06419        36       640    0.6978    0.8262    0.8147    0.5422   0.01482  0.005642  0.002236
   129/299      6.9G   0.03257   0.01708    0.0157   0.06535        45       640    0.6852    0.8415    0.8247    0.5495   0.01481  0.005589  0.002026
   130/299      6.9G    0.0321   0.01682   0.01506   0.06398        19       640    0.7213    0.8382    0.8268    0.5514    0.0149  0.005606  0.002003
   131/299      6.9G   0.03228   0.01719   0.01493   0.06441        19       640    0.7184    0.8373    0.8237    0.5488    0.0149  0.005548  0.002087
   132/299      6.9G   0.03184   0.01711    0.0153   0.06425        28       640    0.6904    0.8488    0.8197    0.5453   0.01482  0.005605  0.001971
   133/299      6.9G    0.0326   0.01752   0.01545   0.06558        63       640    0.6851    0.8444     0.812    0.5423   0.01495  0.005569  0.001996
   134/299      6.9G   0.03297   0.01736   0.01506   0.06539        38       640    0.6993    0.8375    0.8169    0.5432   0.01501  0.005571   0.00194
   135/299      6.9G   0.03255   0.01704   0.01538   0.06497        35       640    0.7024    0.8387    0.8239    0.5457   0.01499  0.005585  0.001842
   136/299      6.9G   0.03225   0.01696   0.01542   0.06463        28       640    0.7031    0.8332    0.8225    0.5483   0.01507  0.005563  0.001913
   137/299      6.9G   0.03278    0.0169   0.01506   0.06474        36       640    0.7215    0.8326    0.8282    0.5544   0.01502  0.005509  0.001957
   138/299      6.9G   0.03247    0.0171   0.01585   0.06542        32       640    0.7117    0.8464    0.8301    0.5507   0.01492  0.005526  0.001886
   139/299      6.9G   0.03205   0.01698   0.01457   0.06359        48       640      0.71    0.8378    0.8271    0.5529   0.01496  0.005492   0.00185
   140/299      6.9G   0.03221   0.01738    0.0155   0.06509        43       640    0.7156    0.8452     0.834     0.561   0.01496  0.005429  0.001804
   141/299      6.9G   0.03185   0.01691   0.01529   0.06405        36       640    0.7306    0.8474    0.8346    0.5593   0.01486  0.005406  0.001785
   142/299      6.9G   0.03176    0.0167   0.01502   0.06349        45       640     0.725    0.8447    0.8354    0.5622   0.01464  0.005421  0.001781
   143/299      6.9G    0.0318   0.01714   0.01532   0.06427        45       640    0.7124    0.8375    0.8295     0.558    0.0147  0.005416  0.001653
   144/299      6.9G   0.03153   0.01678   0.01495   0.06326        34       640    0.7196    0.8512    0.8386    0.5632   0.01458  0.005414  0.001669
   145/299      6.9G   0.03184    0.0171   0.01484   0.06378        33       640    0.7204    0.8475    0.8428    0.5694   0.01457  0.005395  0.001635
   146/299      6.9G   0.03162   0.01686   0.01437   0.06285        37       640    0.7238    0.8539    0.8446    0.5697   0.01457  0.005348  0.001609
   147/299      6.9G   0.03175   0.01678   0.01392   0.06245        16       640    0.7266    0.8611    0.8476    0.5752   0.01445  0.005312  0.001534
   148/299      6.9G    0.0313   0.01629   0.01433   0.06192        28       640    0.7263    0.8641    0.8455     0.574   0.01436  0.005312  0.001508
   149/299      6.9G    0.0312   0.01685   0.01358   0.06163        25       640    0.7236    0.8526    0.8445    0.5779   0.01432  0.005282  0.001484
   150/299      6.9G    0.0323    0.0169   0.01512   0.06431        35       640    0.7283    0.8648    0.8474    0.5786   0.01439  0.005278  0.001499
   151/299      6.9G   0.03195   0.01713   0.01409   0.06316        19       640    0.7297    0.8671    0.8528    0.5809   0.01431  0.005289  0.001494
   152/299      6.9G   0.03102   0.01677   0.01391    0.0617        28       640    0.7317    0.8653     0.856    0.5825   0.01421  0.005266  0.001416
   153/299      6.9G   0.03084   0.01664   0.01441    0.0619        28       640    0.7308    0.8685    0.8548    0.5814   0.01414  0.005259   0.00142
   154/299      6.9G   0.03086   0.01677   0.01404   0.06168        27       640    0.7287    0.8608    0.8554    0.5845   0.01431   0.00523  0.001366
   155/299      6.9G   0.03144   0.01692   0.01443   0.06279        49       640     0.721    0.8551    0.8529    0.5847   0.01421  0.005226  0.001325
   156/299      6.9G   0.03172   0.01663   0.01361   0.06197        24       640    0.7224    0.8544    0.8536    0.5871    0.0142  0.005224  0.001313
   157/299      6.9G   0.03146   0.01694   0.01415   0.06255        35       640     0.715    0.8636    0.8553    0.5889   0.01405  0.005243  0.001301
   158/299      6.9G   0.03204   0.01716   0.01418   0.06338        22       640    0.7166    0.8663    0.8567    0.5912   0.01394  0.005217  0.001278
   159/299      6.9G   0.03122   0.01657   0.01339   0.06118        39       640    0.7186    0.8692    0.8532    0.5895   0.01385  0.005246  0.001221
   160/299      6.9G   0.03119   0.01673   0.01463   0.06255        35       640    0.7256     0.876    0.8558    0.5897   0.01391  0.005235  0.001221
   161/299      6.9G   0.03061   0.01651   0.01348    0.0606        44       640    0.7379    0.8718    0.8579    0.5914   0.01384  0.005213  0.001233
   162/299      6.9G   0.03056   0.01639   0.01372   0.06067        23       640    0.7345    0.8695    0.8611     0.596   0.01382  0.005205  0.001209
   163/299      6.9G   0.03045   0.01656   0.01331   0.06031        14       640    0.7388    0.8656    0.8609    0.5988   0.01382   0.00518  0.001202
   164/299      6.9G   0.03089    0.0168   0.01374   0.06143        39       640    0.7391    0.8742    0.8638    0.6007   0.01385  0.005159  0.001233
   165/299      6.9G   0.03118   0.01699   0.01426   0.06243        34       640    0.7223    0.8698    0.8614    0.5971    0.0139   0.00514  0.001228
   166/299      6.9G   0.03107   0.01635   0.01459   0.06201        21       640    0.7309    0.8754    0.8632    0.6032   0.01383  0.005138   0.00119
   167/299      6.9G   0.03032   0.01613    0.0134   0.05985        44       640    0.7261    0.8727    0.8653     0.606   0.01371  0.005154  0.001164
   168/299      6.9G    0.0306   0.01679   0.01253   0.05991        32       640    0.7238    0.8698    0.8634     0.603   0.01361  0.005148  0.001169
   169/299      6.9G   0.03031   0.01672   0.01305   0.06008        51       640    0.7164    0.8698    0.8658    0.6022    0.0135  0.005146  0.001073
   170/299      6.9G   0.03074   0.01632   0.01275   0.05981        34       640    0.7384    0.8714    0.8684    0.6074   0.01341  0.005138  0.001007
   171/299      6.9G   0.02982   0.01613   0.01272   0.05867        42       640    0.7412    0.8695     0.871    0.6074   0.01338  0.005115 0.0009824
   172/299      6.9G   0.03024   0.01638   0.01311   0.05972        25       640    0.7426    0.8692     0.872     0.609   0.01334  0.005097 0.0009556
   173/299      6.9G   0.02991   0.01607   0.01252    0.0585        17       640    0.7541    0.8795    0.8774    0.6114    0.0133   0.00508  0.000927
   174/299      6.9G   0.02988   0.01611   0.01223   0.05822        31       640      0.75    0.8794    0.8756    0.6125    0.0133  0.005067 0.0008978
   175/299      6.9G   0.03052   0.01648   0.01273   0.05973        35       640    0.7325    0.8758    0.8735    0.6119    0.0133   0.00506 0.0008901
   176/299      6.9G   0.03006   0.01627   0.01247    0.0588        30       640     0.737    0.8767    0.8737    0.6151   0.01328  0.005041  0.000884
   177/299      6.9G   0.02983   0.01638   0.01323   0.05944        62       640    0.7379    0.8762    0.8746    0.6151   0.01323  0.005033 0.0008768
   178/299      6.9G   0.02982   0.01643   0.01294   0.05919        35       640    0.7385    0.8811    0.8741    0.6158   0.01317  0.005012 0.0008747
   179/299      6.9G   0.02997    0.0163    0.0138   0.06007        28       640    0.7332    0.8779    0.8725     0.616    0.0132  0.005009 0.0008583
   180/299      6.9G   0.02936   0.01609   0.01252   0.05797        47       640      0.74    0.8785    0.8745    0.6213   0.01319  0.004994  0.000834
   181/299      6.9G      0.03   0.01622   0.01338   0.05959        34       640    0.7451    0.8841    0.8771    0.6218   0.01314  0.004985 0.0008201
   182/299      6.9G    0.0302   0.01689   0.01323   0.06032        34       640     0.749    0.8818    0.8769    0.6242   0.01313  0.004978 0.0008074
   183/299      6.9G   0.02923   0.01619   0.01204   0.05747        37       640    0.7509    0.8814    0.8769    0.6246   0.01305  0.004973 0.0007909
   184/299      6.9G   0.02993   0.01614   0.01297   0.05905        47       640     0.749    0.8812    0.8759    0.6246   0.01299  0.004972 0.0007947
   185/299      6.9G   0.02956   0.01612   0.01246   0.05813        38       640    0.7527    0.8814    0.8786    0.6241   0.01294  0.004966 0.0007812
   186/299      6.9G   0.02942   0.01592   0.01273   0.05807        16       640    0.7599    0.8852    0.8786    0.6238   0.01291  0.004962 0.0007609
   187/299      6.9G   0.02973   0.01623   0.01208   0.05804        44       640    0.7532    0.8858    0.8795    0.6251   0.01288  0.004947 0.0007447
   188/299      6.9G   0.02969   0.01634   0.01201   0.05804        43       640    0.7482    0.8846    0.8793    0.6266   0.01284  0.004945 0.0007241
   189/299      6.9G   0.02916   0.01594   0.01226   0.05736        34       640    0.7456    0.8852    0.8772    0.6249   0.01282  0.004938 0.0007129
   190/299      6.9G   0.02943   0.01609   0.01195   0.05747        24       640    0.7427    0.8872     0.879    0.6267   0.01279  0.004931 0.0007058
   191/299      6.9G   0.02901   0.01597   0.01154   0.05653        29       640    0.7426    0.8846    0.8767    0.6247   0.01275  0.004924 0.0006938
   192/299      6.9G   0.02969   0.01604   0.01206   0.05779        43       640    0.7427    0.8891    0.8788    0.6265   0.01276  0.004918 0.0006842
   193/299      6.9G   0.02865   0.01594   0.01179   0.05637        30       640    0.7434    0.8886     0.879    0.6262   0.01273  0.004916 0.0006761
   194/299      6.9G   0.02904   0.01594    0.0115   0.05648        25       640    0.7473    0.8872     0.879    0.6279    0.0127   0.00491 0.0006646
   195/299      6.9G   0.02895   0.01583   0.01132    0.0561        21       640    0.7442    0.8902    0.8807    0.6297   0.01267  0.004902 0.0006565
   196/299      6.9G    0.0294   0.01605   0.01172   0.05718        22       640    0.7459    0.8867    0.8818    0.6306   0.01267  0.004885 0.0006472
   197/299      6.9G   0.02922   0.01568    0.0112    0.0561        36       640    0.7508     0.892    0.8821    0.6305   0.01265  0.004879 0.0006425
   198/299      6.9G    0.0291   0.01595   0.01175   0.05679        21       640    0.7479     0.893    0.8822    0.6316   0.01264   0.00487 0.0006366
   199/299      6.9G   0.02899   0.01609   0.01119   0.05627        18       640    0.7459    0.8925    0.8839    0.6327   0.01263  0.004862 0.0006253
   200/299      6.9G   0.02886   0.01581   0.01134   0.05601        39       640    0.7473    0.8933    0.8849    0.6335   0.01262  0.004848 0.0006151
   201/299      6.9G   0.02917   0.01567   0.01224   0.05708        29       640    0.7494    0.8971     0.886    0.6348   0.01259   0.00484 0.0006079
   202/299      6.9G   0.02952   0.01588   0.01129   0.05669        16       640    0.7439    0.8985    0.8862    0.6353   0.01258  0.004837 0.0005992
   203/299      6.9G    0.0285   0.01585   0.01244   0.05679        30       640    0.7491    0.8991    0.8869     0.637   0.01256   0.00483 0.0005926
   204/299      6.9G   0.02904   0.01591   0.01211   0.05706        42       640    0.7476     0.899    0.8881    0.6362   0.01255  0.004823 0.0005909
   205/299      6.9G   0.02841   0.01579   0.01116   0.05536        22       640    0.7397    0.8977    0.8884    0.6378   0.01252  0.004817 0.0005872
   206/299      6.9G   0.02924   0.01555   0.01222   0.05702        27       640    0.7339    0.8938    0.8861    0.6385    0.0125  0.004812 0.0005815
   207/299      6.9G   0.02893   0.01575   0.01102   0.05571        28       640     0.734    0.8938    0.8859    0.6401   0.01249  0.004806 0.0005763
   208/299      6.9G    0.0287   0.01556   0.01035   0.05461        40       640    0.7341    0.8953    0.8861    0.6383   0.01249  0.004802 0.0005734
   209/299      6.9G   0.02872   0.01586   0.01127   0.05586        38       640    0.7376    0.8959    0.8901    0.6385   0.01249  0.004795 0.0005722
   210/299      6.9G   0.02835   0.01568   0.01129   0.05532        21       640    0.7362     0.897    0.8905    0.6404   0.01248  0.004795 0.0005666
   211/299      6.9G   0.02776   0.01579   0.01031   0.05387        24       640     0.741    0.9054    0.8908    0.6413   0.01246  0.004792 0.0005598
   212/299      6.9G    0.0276   0.01581   0.01098   0.05439        38       640    0.7409    0.9052    0.8901    0.6407   0.01244  0.004791 0.0005542
   213/299      6.9G   0.02806   0.01575   0.01154   0.05536        29       640    0.7415    0.9097    0.8895    0.6409   0.01241  0.004787 0.0005509
   214/299      6.9G   0.02804   0.01551   0.01049   0.05403        51       640    0.7423    0.9111    0.8894     0.641   0.01239  0.004782 0.0005467
   215/299      6.9G   0.02888   0.01549   0.01214   0.05651        23       640    0.7391    0.9076    0.8889    0.6418   0.01237  0.004779 0.0005427
   216/299      6.9G    0.0283   0.01585   0.01159   0.05574        26       640    0.7395    0.9091    0.8896    0.6428   0.01236  0.004775 0.0005355
   217/299      6.9G    0.0281   0.01558   0.01095   0.05464        23       640    0.7382    0.9108    0.8891    0.6428   0.01234  0.004769 0.0005319
   218/299      6.9G   0.02774   0.01543   0.01041   0.05357        49       640    0.7384    0.9151    0.8915    0.6424   0.01233  0.004767 0.0005263
   219/299      6.9G    0.0282   0.01591   0.01109   0.05521        33       640    0.7415    0.9181    0.8915    0.6431   0.01231  0.004761 0.0005225
   220/299      6.9G   0.02784    0.0156   0.01092   0.05436        21       640    0.7409     0.917    0.8927    0.6437    0.0123  0.004752 0.0005176
   221/299      6.9G   0.02759   0.01546    0.0104   0.05345        31       640    0.7401    0.9181    0.8926    0.6434   0.01228  0.004748 0.0005134
   222/299      6.9G   0.02727   0.01555   0.01078    0.0536        27       640    0.7366    0.9162    0.8906    0.6433   0.01224  0.004743 0.0005093
   223/299      6.9G   0.02799   0.01539   0.01024   0.05362        33       640     0.736    0.9155    0.8907    0.6437   0.01221  0.004736 0.0005047
   224/299      6.9G   0.02768   0.01588   0.01044     0.054        51       640     0.738    0.9209    0.8919    0.6452   0.01218  0.004733 0.0005002
   225/299      6.9G   0.02743   0.01592   0.01047   0.05383        28       640    0.7405    0.9199     0.893    0.6452   0.01215  0.004728  0.000495
   226/299      6.9G   0.02789   0.01522   0.01037   0.05348        29       640    0.7403     0.919    0.8923    0.6454   0.01214  0.004724 0.0004913
   227/299      6.9G   0.02812   0.01546   0.01096   0.05455        33       640    0.7429    0.9198    0.8926    0.6459   0.01212   0.00472 0.0004859
   228/299      6.9G   0.02762   0.01556   0.01044   0.05362        26       640     0.742    0.9203    0.8932    0.6446    0.0121  0.004712  0.000481
   229/299      6.9G   0.02747   0.01567   0.01023   0.05337        19       640    0.7428    0.9203     0.894    0.6463   0.01208  0.004707 0.0004774
   230/299      6.9G   0.02769   0.01499   0.01055   0.05323        40       640    0.7412    0.9182    0.8941    0.6475   0.01206  0.004702 0.0004725
   231/299      6.9G   0.02764   0.01525    0.0103   0.05319        25       640    0.7416    0.9211    0.8947    0.6482   0.01203    0.0047 0.0004683
   232/299      6.9G    0.0276   0.01542   0.01039   0.05341        31       640    0.7425    0.9189    0.8947    0.6484   0.01201  0.004696 0.0004647
   233/299      6.9G   0.02766   0.01538   0.01055   0.05358        33       640    0.7438     0.921    0.8956    0.6499     0.012  0.004692 0.0004625
   234/299      6.9G   0.02688   0.01508  0.009891   0.05184        22       640    0.7394    0.9219    0.8951    0.6508   0.01198  0.004688 0.0004588
   235/299      6.9G   0.02716   0.01501   0.01008   0.05226        25       640    0.7426    0.9229    0.8954    0.6519   0.01196  0.004684 0.0004563
   236/299      6.9G   0.02713   0.01522  0.009839   0.05219        33       640     0.741    0.9256    0.8966    0.6536   0.01195   0.00468 0.0004538
   237/299      6.9G   0.02792   0.01544   0.01027   0.05363        43       640    0.7383    0.9282    0.8963    0.6532   0.01193  0.004676 0.0004515
   238/299      6.9G   0.02709   0.01514   0.01045   0.05268        21       640    0.7383    0.9297    0.8969    0.6545   0.01191  0.004673 0.0004488
   239/299      6.9G   0.02823   0.01539   0.01022   0.05385        39       640    0.7393    0.9296    0.8972    0.6551   0.01189  0.004668 0.0004455
   240/299      6.9G   0.02657   0.01504  0.009453   0.05107        45       640      0.74    0.9301    0.8973    0.6553   0.01187  0.004664 0.0004416
   241/299      6.9G   0.02757    0.0152   0.00988   0.05265        26       640     0.739    0.9309    0.8977    0.6554   0.01186  0.004659 0.0004386
   242/299      6.9G   0.02688   0.01508   0.01086   0.05283        37       640    0.7382    0.9314    0.8976    0.6561   0.01185  0.004655  0.000436
   243/299      6.9G   0.02686   0.01507   0.01002   0.05195        22       640    0.7394      0.93    0.8982    0.6563   0.01184  0.004652 0.0004334
   244/299      6.9G   0.02696   0.01555  0.009889    0.0524        16       640    0.7409    0.9299    0.8985    0.6572   0.01183  0.004649 0.0004309
   245/299      6.9G    0.0271   0.01521  0.009653   0.05197        44       640    0.7423    0.9305    0.8989    0.6572   0.01182  0.004646 0.0004277
   246/299      6.9G   0.02673   0.01506   0.01017   0.05196        29       640    0.7435    0.9312    0.8994    0.6588   0.01181  0.004644 0.0004248
   247/299      6.9G   0.02655     0.015  0.009706   0.05125        25       640    0.7454    0.9318    0.8999    0.6603    0.0118  0.004639 0.0004219
   248/299      6.9G   0.02712   0.01501  0.009467    0.0516        33       640    0.7464    0.9343    0.9012    0.6618    0.0118  0.004635 0.0004195
   249/299      6.9G   0.02676   0.01501   0.00885   0.05062        16       640    0.7465    0.9352    0.9014    0.6618   0.01179  0.004631 0.0004165
   250/299      6.9G   0.02663   0.01478  0.009801   0.05121        17       640    0.7471    0.9345    0.9015    0.6625   0.01179  0.004628 0.0004142
   251/299      6.9G   0.02661   0.01511  0.009378   0.05109        32       640    0.7476    0.9351    0.9019    0.6623   0.01178  0.004624 0.0004118
   252/299      6.9G   0.02668   0.01447    0.0101   0.05125        24       640    0.7487    0.9351    0.9027    0.6633   0.01177  0.004619 0.0004098
   253/299      6.9G    0.0265   0.01488  0.009932   0.05131        41       640     0.749    0.9379    0.9032    0.6623   0.01177  0.004615 0.0004076
   254/299      6.9G   0.02675   0.01487  0.008831   0.05045        28       640    0.7487    0.9378    0.9033    0.6634   0.01176  0.004611 0.0004047
   255/299      6.9G    0.0264   0.01506  0.008931   0.05039        51       640    0.7488    0.9376    0.9038    0.6639   0.01175  0.004606 0.0004015
   256/299      6.9G   0.02648   0.01493   0.01004   0.05145        44       640    0.7492     0.938     0.904    0.6651   0.01174  0.004602 0.0003996
   257/299      6.9G   0.02636   0.01489  0.009925   0.05117        30       640    0.7491    0.9379    0.9045    0.6653   0.01173  0.004597  0.000398
   258/299      6.9G   0.02721    0.0151   0.01034   0.05265        41       640    0.7513    0.9373     0.905    0.6651   0.01172  0.004594 0.0003964
   259/299      6.9G   0.02645   0.01501  0.009848   0.05131        42       640    0.7507    0.9375    0.9054    0.6658   0.01172   0.00459 0.0003945
   260/299      6.9G   0.02619   0.01452  0.009433   0.05014        22       640    0.7506     0.938    0.9057    0.6664   0.01171  0.004586 0.0003919
   261/299      6.9G   0.02674   0.01498  0.009629   0.05135        33       640    0.7501     0.938     0.906     0.667    0.0117  0.004581 0.0003896
   262/299      6.9G   0.02623   0.01523  0.009634   0.05109        32       640     0.752    0.9398    0.9061    0.6675   0.01168  0.004577 0.0003877
   263/299      6.9G   0.02645   0.01525  0.009424   0.05112        35       640     0.752    0.9399    0.9064    0.6685   0.01167  0.004574 0.0003865
   264/299      6.9G   0.02671   0.01546  0.009422    0.0516        36       640    0.7516    0.9399    0.9067    0.6687   0.01166   0.00457 0.0003846
   265/299      6.9G   0.02599   0.01478  0.008778   0.04955        33       640    0.7528    0.9399    0.9073    0.6697   0.01165  0.004566 0.0003827
   266/299      6.9G   0.02616   0.01512  0.009356   0.05063        35       640    0.7538    0.9399    0.9075      0.67   0.01164  0.004561 0.0003803
   267/299      6.9G    0.0264   0.01507  0.009176   0.05064        32       640    0.7532    0.9398    0.9073    0.6704   0.01163  0.004557 0.0003784
   268/299      6.9G   0.02676   0.01479  0.008945   0.05049        28       640    0.7503     0.938    0.9068    0.6707   0.01162  0.004553 0.0003767
   269/299      6.9G   0.02635   0.01525  0.009937   0.05154        49       640    0.7506    0.9381    0.9072    0.6717   0.01161  0.004549 0.0003748
   270/299      6.9G    0.0262   0.01464  0.009584   0.05042        34       640    0.7506    0.9385    0.9076    0.6723    0.0116  0.004546 0.0003725
   271/299      6.9G   0.02637   0.01494   0.01138    0.0527        45       640     0.752    0.9388    0.9078    0.6731   0.01159  0.004542 0.0003713
   272/299      6.9G    0.0257   0.01493   0.00955   0.05018        48       640    0.7525    0.9388    0.9077    0.6729   0.01158   0.00454 0.0003704
   273/299      6.9G   0.02626   0.01509  0.009273   0.05062        28       640    0.7529    0.9391    0.9079    0.6733   0.01157  0.004537 0.0003693
   274/299      6.9G   0.02617   0.01482  0.009159   0.05015        19       640     0.754    0.9406    0.9079    0.6735   0.01156  0.004534 0.0003681
   275/299      6.9G   0.02607     0.015  0.009266   0.05034        29       640     0.754    0.9404    0.9084    0.6735   0.01155   0.00453 0.0003667
   276/299      6.9G   0.02616   0.01487   0.00952   0.05055        31       640    0.7539      0.94    0.9084    0.6743   0.01154  0.004528 0.0003655
   277/299      6.9G   0.02602   0.01464  0.009546    0.0502        30       640    0.7555    0.9413    0.9084    0.6738   0.01153  0.004524 0.0003645
   278/299      6.9G   0.02669     0.015  0.009368   0.05107        40       640    0.7553    0.9413    0.9087    0.6743   0.01152  0.004521 0.0003628
   279/299      6.9G   0.02596   0.01482  0.008632   0.04942        38       640    0.7549    0.9413    0.9091    0.6742   0.01151  0.004518  0.000361
   280/299      6.9G    0.0262   0.01494  0.009183   0.05032        17       640    0.7536    0.9408     0.909    0.6735    0.0115  0.004515 0.0003595
   281/299      6.9G   0.02563   0.01453  0.008744   0.04891        46       640    0.7549     0.943    0.9098    0.6723   0.01149  0.004511 0.0003578
   282/299      6.9G   0.02595   0.01474   0.00942   0.05012        39       640    0.7556    0.9431    0.9101    0.6727   0.01148  0.004507 0.0003558
   283/299      6.9G   0.02589     0.015  0.009137   0.05003        39       640    0.7557     0.942    0.9105    0.6729   0.01148  0.004505 0.0003546
   284/299      6.9G   0.02575   0.01482   0.00898   0.04955        20       640    0.7555    0.9429    0.9104    0.6735   0.01147  0.004502 0.0003528
   285/299      6.9G   0.02595   0.01481  0.009116   0.04987        18       640    0.7555    0.9429    0.9105    0.6738   0.01147  0.004499 0.0003513
   286/299      6.9G   0.02594   0.01475  0.009219   0.04991        35       640    0.7558    0.9422    0.9106    0.6733   0.01146  0.004497 0.0003503
   287/299      6.9G    0.0258   0.01481  0.008922   0.04953        29       640    0.7544    0.9413    0.9109    0.6737   0.01145  0.004494 0.0003488
   288/299      6.9G   0.02601   0.01462  0.008702   0.04934        38       640    0.7552    0.9413    0.9111    0.6745   0.01144  0.004492 0.0003475
   289/299      6.9G   0.02548    0.0147  0.009236   0.04941        24       640    0.7536    0.9399    0.9113    0.6752   0.01143  0.004489 0.0003459
   290/299      6.9G    0.0257   0.01489  0.009353   0.04995        39       640    0.7541    0.9398    0.9117    0.6756   0.01143  0.004487 0.0003444
   291/299      6.9G   0.02581   0.01458  0.009362   0.04975        32       640    0.7554    0.9398    0.9119    0.6758   0.01142  0.004484 0.0003426
   292/299      6.9G   0.02555    0.0146  0.008864   0.04901        32       640     0.754    0.9399     0.912    0.6763   0.01142  0.004481  0.000341
   293/299      6.9G   0.02627   0.01473  0.009125   0.05013        33       640     0.754    0.9399    0.9121    0.6765   0.01141  0.004479 0.0003396
   294/299      6.9G    0.0255   0.01458  0.008461   0.04853        33       640    0.7543      0.94    0.9122    0.6765    0.0114  0.004476 0.0003378
   295/299      6.9G   0.02527   0.01454  0.007982   0.04779        29       640    0.7559    0.9404    0.9125    0.6767   0.01139  0.004474 0.0003362
   296/299      6.9G    0.0259   0.01451   0.00908   0.04949        26       640    0.7565    0.9402    0.9126    0.6765   0.01138  0.004472 0.0003347
   297/299      6.9G   0.02632   0.01466   0.00944   0.05041        43       640    0.7572    0.9399    0.9126    0.6766   0.01138   0.00447 0.0003331
   298/299      6.9G    0.0257   0.01452  0.008395   0.04861        39       640    0.7587    0.9399    0.9126    0.6769   0.01137  0.004467 0.0003317
   299/299      6.9G   0.02566   0.01427  0.008272    0.0482        38       640    0.7591    0.9398    0.9127    0.6771   0.01136  0.004465 0.0003305
